30
3 3 
0 0 0         
0 1 0 
2 1 3
3 3
1 1 1
3 1 1
2 1 1
5 5	 
0 0 0 0 0
0 1 1 1 0
0 1 2 1 0 
0 1 0 1 0
3 1 0 0 0 
3 3
3 0 0 
1 2 0 
1 0 0
3 3
3 1 2 
0 0 0 
1 0 1
5 1
3 0 0 0 2
4 4
1 0 0 0
0 0 1 0
0 1 1 0
0 3 1 2
1 6
2
0
0
0
0
3
3 3
0 0 0
0 1 2
3 1 0
4 3
0 0 0 0
1 0 2 0
3 0 1 1
5 1
2 0 0 0 3
1 3
2
0
3
4 2
1 0 0 0
3 0 1 2
6 3
1 0 0 0 0 0
0 0 1 2 1 0
1 3 1 0 0 0
1 7
0
0
3
0
0
0
2
6 7
0 0 0 0 0 0
0 0 1 1 1 0
0 0 3 1 1 0
0 0 1 1 0 0
1 1 0 2 0 1
0 0 0 1 0 0
0 0 1 0 0 1
6 5 
2 0 0 0 0 0 
1 1 1 1 1 0
0 0 0 3 1 0 
0 1 1 1 1 0
0 0 0 0 0 0
7 4
0 3 1 2 0 0 0
0 1 1 1 0 1 0
0 1 0 1 0 1 0 
0 0 0 0 0 0 0
5 3
0 3 0 0 0 
0 1 0 0 0 
0 0 2 0 1
4 8 
0 0 0 0
2 0 0 0 
0 0 1 0
0 0 1 0
0 1 3 0
0 1 0 1
0 0 0 0
0 0 1 0
4 5
1 0 0 0
0 0 1 0
0 2 1 0
0 0 1 0
1 1 3 0
5 5 
1 0 0 0 1
3 0 1 0 0 
0 1 1 1 0
0 0 1 2 0
1 0 0 0 1
4 4
1 0 0 0
0 3 1 0
0 1 0 0
0 2 0 0
7 6 
1 1 1 0 0 3 1
1 0 0 0 1 0 0
1 0 1 1 1 1 0
0 0 0 2 0 0 0
1 0 0 0 0 0 1
0 0 1 1 0 0 1
7 3
1 1 1 1 1 3 1
1 0 1 0 0 0 1
1 2 0 0 1 1 1
9 2 
1 1 1 0 0 0 0 2 1
1 3 0 0 0 0 0 1 1
7 5
1 0 0 0 0 0 1
1 0 0 1 1 3 1
1 1 0 0 0 1 1
1 2 1 1 0 1 1
1 0 0 0 0 1 1
8 10
0 0 0 0 1 1 1 1
0 1 1 0 0 0 1 1
0 0 0 1 1 0 0 0
1 1 0 1 1 1 1 0
1 0 0 1 1 0 0 0 
1 0 1 1 1 0 1 1
1 2 1 1 1 0 1 1
1 1 1 0 0 0 1 1
1 1 1 0 1 1 3 1
1 1 1 0 0 0 0 1
12 12
1 1 1 1 1 1 1 1 1 1 1 1
1 0 0 2 0 0 0 0 0 1 1 1
1 0 0 1 1 0 0 0 1 1 1 1
0 0 1 1 0 0 0 0 0 0 0 1
0 0 0 0 0 1 1 0 0 0 0 1
1 1 0 0 0 1 1 1 0 0 0 1
1 1 0 0 0 1 1 1 1 0 0 1
0 0 0 1 1 1 1 1 1 1 0 0
0 0 0 0 1 1 0 0 0 1 1 0
1 1 1 0 0 0 0 3 0 0 0 0
1 1 1 1 0 0 1 0 1 1 1 1
1 1 1 1 1 1 1 1 1 1 1 1
15 15
1 1 1 1 1 1 1 1 1 1 1 1 1 1 1
1 0 0 0 0 0 0 0 0 0 0 0 0 0 1
1 0 1 1 1 1 1 1 1 1 1 1 1 0 1
1 0 1 0 0 0 0 0 0 0 0 0 1 0 1
1 0 1 0 1 1 1 1 1 1 1 0 1 0 1
1 0 1 0 1 0 0 0 0 0 1 0 1 0 1
1 0 1 0 1 0 1 1 1 0 1 0 1 0 1
1 0 1 0 1 0 0 3 1 0 1 0 1 0 1
1 0 1 0 1 1 1 1 1 0 1 0 1 0 1
1 0 1 0 0 0 0 0 0 0 1 0 1 0 1
1 0 1 1 1 1 1 1 1 1 1 0 1 0 1
1 0 0 0 0 0 0 0 0 0 0 0 1 0 1
1 1 1 1 1 1 1 1 1 1 1 1 1 0 1 
1 2 0 0 0 0 0 0 0 0 0 0 0 0 1
1 1 1 1 1 1 1 1 1 1 1 1 1 1 1
