30
2 2
2 99
99 3
3 3
2 7 1
1 1 1
7 0 3
4 4
11 0 13 2
0 1 0 1
0 13 0 1
0 0 11 3
4 4
7 8 13 10
10 2 8 7
9 11 12 11
13 3 14 14
3 3
2 0 12
1 1 1
1 12 3
4 4
1 11 2 1
8 1 1 8
0 1 3 0
11 1 1 1
4 5
2 0 1 1 
1 0 17 1
3 1 1 12
0 1 13 0 
13 17 12 1
4 2 
1 2 10 1
3 10 1 1
10 1
1 13 2 1 13 14 1 1 14 3
1 7 
2
10
11
10
1
11
3
5 4
1 18 19 21 1 
2 1 1 3 1
17 1 1 1 21 
1 18 17 1 19
3 5
1 71 2
1 42 1
3 0 1
1 1 71
1 42 0
6 2
2 9 1 1 8 9
1 1 8 3 1 1
2 7 
8 9
1 1
2 0 
1 8
1 1
1 3
9 0
5 3
1 1 1 2 41
3 61 51 1 1
61 1 1 41 51
5 3
1 9 1 8 1
8 2 1 1 7
1 7 9 1 3
9 3
1 1 3 9 1 1 1 8 1
1 2 1 1 7 0 9 1 1
1 7 1 1 0 8 1 1 1 
3 4
1 2 1
7 0 8
1 1 1
7 8 3
14 1
9 1 2 7 1 67 54 9 7 8 54 3 67 8
1 9
15 
2 
16
1
1
3
16
15
1
12 3
1 1 1 1 8 1 1 1 2 7 1 1 
8 9 1 1 0 1 1 1 1 1 3 1
1 1 7 0 0 1 1 9 0 0 0 1
2 5
2 10
1 1
10 11
1 3
11 0
5 3
1 2 8 9 1
1 7 1 1 3 
1 1 7 8 9
14 4
1 2 1 1 1 1 1 1 8 1 1 1 67 0
1 7 1 1 1 1 1 1 9 1 1 1 1 0 
1 1 0 0 67 1 1 1 1 1 1 1 3 0
1 9 0 1 1 8 7 1 1 1 1 1 1 1
3 6
7 1 1
1 3 9
1 1 1
8 2 9
1 7 1
1 1 8
7 3
1 8 1 1 7 2 1
1 0 1 1 1 8 1
3 0 1 7 1 1 1
18 1
13 14 1 3 16 15 14 1 11 12 1 15 16 11 2 1 13 12
11 5
1 1 1 1 1 10 1 1 9 7 8
1 8 12 1 1 9 1 1 1 1 1
13 1 1 1 1 1 13 14 1 3 15 
12 1 7 2 1 1 1 10 1 1 14
1 1 1 1 1 1 1 1 15 0 0
3 12
1 21 1 
1 3 1 
1 1 13
1 1 19
18 1 1
67 1 1
1 1 1
1 1 15
13 1 18
15 1 1
1 67 2
19 21 1
12 12
15 1 1 26 31 1 66 1 24 12 1 1
61 17 2 7 1 1 1 1 1 14 1 1
1 1 8 1 1 32 34 1 41 1 1 1
55 1 1 1 1 1 1 1 15 1 71 1
71 1 67 22 1 1 9 8 1 1 86 1
1 1 1 66 1 1 1 1 1 1 1 1
18 22 1 1 1 55 43 1 1 31 1 1
1 1 41 33 1 1 1 1 47 3 1 1
73 47 1 1 34 7 1 1 1 1 26 61
1 12 9 1 1 1 1 1 67 1 1 1
24 1 1 1 1 86 1 14 1 1 32 1
55 1 18 17 1 33 1 73 1 1 43 1
